317.000000 422.000000 
316.000000 468.000000 
321.000000 512.000000 
326.000000 558.000000 
338.000000 600.000000 
360.000000 638.000000 
390.000000 666.000000 
432.000000 684.000000 
474.000000 687.000000 
518.000000 683.000000 
559.000000 665.000000 
588.000000 638.000000 
610.000000 600.000000 
624.000000 559.000000 
631.000000 513.000000 
637.000000 468.000000 
639.000000 421.000000 
348.000000 377.000000 
371.000000 369.000000 
397.000000 365.000000 
424.000000 368.000000 
450.000000 377.000000 
507.000000 377.000000 
534.000000 367.000000 
561.000000 366.000000 
586.000000 371.000000 
608.000000 381.000000 
478.000000 414.000000 
478.000000 439.000000 
478.000000 464.000000 
478.000000 489.000000 
449.000000 518.000000 
462.000000 521.000000 
475.000000 524.000000 
490.000000 522.000000 
505.000000 518.000000 
362.000000 409.000000 
389.000000 397.000000 
417.000000 398.000000 
432.000000 415.000000 
415.000000 418.000000 
389.000000 419.000000 
524.000000 417.000000 
546.000000 399.000000 
575.000000 399.000000 
595.000000 411.000000 
576.000000 419.000000 
549.000000 420.000000 
414.000000 577.000000 
435.000000 569.000000 
456.000000 561.000000 
478.000000 565.000000 
501.000000 562.000000 
519.000000 569.000000 
543.000000 578.000000 
520.000000 587.000000 
501.000000 593.000000 
478.000000 598.000000 
455.000000 595.000000 
435.000000 590.000000 
454.000000 578.000000 
477.000000 575.000000 
503.000000 580.000000 
504.000000 574.000000 
477.000000 579.000000 
454.000000 573.000000 
