317.000000 425.000000 
318.000000 471.000000 
323.000000 517.000000 
328.000000 563.000000 
340.000000 605.000000 
364.000000 642.000000 
394.000000 669.000000 
434.000000 688.000000 
477.000000 690.000000 
521.000000 686.000000 
562.000000 667.000000 
590.000000 638.000000 
612.000000 598.000000 
625.000000 556.000000 
630.000000 510.000000 
634.000000 463.000000 
635.000000 416.000000 
343.000000 383.000000 
367.000000 374.000000 
394.000000 370.000000 
423.000000 371.000000 
450.000000 381.000000 
505.000000 380.000000 
531.000000 370.000000 
558.000000 368.000000 
585.000000 372.000000 
609.000000 383.000000 
476.000000 411.000000 
476.000000 437.000000 
477.000000 464.000000 
478.000000 490.000000 
448.000000 517.000000 
462.000000 520.000000 
475.000000 523.000000 
490.000000 521.000000 
504.000000 518.000000 
362.000000 409.000000 
389.000000 397.000000 
417.000000 398.000000 
432.000000 415.000000 
415.000000 418.000000 
389.000000 419.000000 
521.000000 420.000000 
551.000000 416.000000 
572.000000 417.000000 
595.000000 418.000000 
572.000000 423.000000 
550.000000 421.000000 
417.000000 579.000000 
434.000000 571.000000 
454.000000 564.000000 
477.000000 569.000000 
499.000000 563.000000 
518.000000 570.000000 
540.000000 579.000000 
518.000000 587.000000 
499.000000 592.000000 
476.000000 598.000000 
452.000000 594.000000 
432.000000 589.000000 
453.000000 575.000000 
479.000000 576.000000 
503.000000 575.000000 
503.000000 579.000000 
478.000000 580.000000 
453.000000 578.000000 
