319.000000 420.000000 
318.000000 466.000000 
321.000000 513.000000 
325.000000 561.000000 
337.000000 605.000000 
360.000000 642.000000 
391.000000 671.000000 
432.000000 691.000000 
475.000000 694.000000 
519.000000 688.000000 
559.000000 669.000000 
589.000000 641.000000 
612.000000 603.000000 
626.000000 561.000000 
633.000000 515.000000 
639.000000 468.000000 
642.000000 421.000000 
352.000000 380.000000 
375.000000 371.000000 
399.000000 367.000000 
425.000000 368.000000 
450.000000 376.000000 
514.000000 373.000000 
540.000000 368.000000 
566.000000 369.000000 
590.000000 375.000000 
611.000000 386.000000 
480.000000 410.000000 
479.000000 436.000000 
480.000000 463.000000 
480.000000 489.000000 
451.000000 517.000000 
464.000000 521.000000 
477.000000 523.000000 
492.000000 522.000000 
506.000000 518.000000 
362.000000 409.000000 
386.000000 387.000000 
423.000000 392.000000 
432.000000 415.000000 
415.000000 418.000000 
389.000000 419.000000 
526.000000 415.000000 
546.000000 399.000000 
574.000000 397.000000 
596.000000 412.000000 
577.000000 418.000000 
549.000000 417.000000 
417.000000 579.000000 
434.000000 571.000000 
454.000000 564.000000 
477.000000 569.000000 
499.000000 563.000000 
518.000000 570.000000 
540.000000 579.000000 
518.000000 587.000000 
499.000000 592.000000 
476.000000 598.000000 
452.000000 594.000000 
432.000000 589.000000 
453.000000 575.000000 
479.000000 576.000000 
503.000000 575.000000 
503.000000 579.000000 
478.000000 580.000000 
453.000000 578.000000 
