321.000000 427.000000 
320.000000 471.000000 
324.000000 516.000000 
328.000000 562.000000 
340.000000 604.000000 
363.000000 640.000000 
394.000000 668.000000 
434.000000 686.000000 
476.000000 689.000000 
520.000000 684.000000 
560.000000 666.000000 
592.000000 639.000000 
615.000000 601.000000 
628.000000 559.000000 
634.000000 512.000000 
638.000000 466.000000 
641.000000 419.000000 
349.000000 381.000000 
372.000000 372.000000 
397.000000 368.000000 
424.000000 369.000000 
450.000000 377.000000 
510.000000 375.000000 
537.000000 368.000000 
567.000000 363.000000 
588.000000 373.000000 
610.000000 384.000000 
478.000000 412.000000 
478.000000 438.000000 
478.000000 464.000000 
479.000000 490.000000 
450.000000 518.000000 
463.000000 521.000000 
477.000000 523.000000 
492.000000 522.000000 
507.000000 518.000000 
362.000000 409.000000 
389.000000 397.000000 
417.000000 398.000000 
432.000000 415.000000 
415.000000 418.000000 
389.000000 419.000000 
524.000000 417.000000 
546.000000 399.000000 
575.000000 399.000000 
595.000000 411.000000 
576.000000 419.000000 
549.000000 420.000000 
417.000000 579.000000 
434.000000 571.000000 
454.000000 564.000000 
477.000000 569.000000 
499.000000 563.000000 
518.000000 570.000000 
540.000000 579.000000 
518.000000 587.000000 
499.000000 592.000000 
476.000000 598.000000 
452.000000 594.000000 
432.000000 589.000000 
453.000000 575.000000 
479.000000 576.000000 
503.000000 575.000000 
503.000000 579.000000 
478.000000 580.000000 
453.000000 578.000000 
