319.000000 419.000000 
319.000000 465.000000 
322.000000 511.000000 
326.000000 557.000000 
337.000000 600.000000 
360.000000 637.000000 
390.000000 665.000000 
430.000000 682.000000 
471.000000 686.000000 
515.000000 682.000000 
555.000000 666.000000 
586.000000 639.000000 
610.000000 603.000000 
625.000000 561.000000 
633.000000 515.000000 
638.000000 468.000000 
642.000000 422.000000 
348.000000 378.000000 
372.000000 369.000000 
398.000000 364.000000 
425.000000 366.000000 
451.000000 376.000000 
508.000000 375.000000 
536.000000 367.000000 
564.000000 367.000000 
591.000000 374.000000 
612.000000 386.000000 
477.000000 409.000000 
477.000000 435.000000 
476.000000 461.000000 
476.000000 487.000000 
447.000000 515.000000 
460.000000 519.000000 
474.000000 521.000000 
489.000000 520.000000 
504.000000 517.000000 
362.000000 409.000000 
389.000000 397.000000 
416.000000 398.000000 
432.000000 415.000000 
415.000000 418.000000 
389.000000 419.000000 
524.000000 417.000000 
546.000000 399.000000 
575.000000 399.000000 
595.000000 411.000000 
576.000000 419.000000 
549.000000 420.000000 
417.000000 579.000000 
434.000000 571.000000 
454.000000 564.000000 
477.000000 569.000000 
499.000000 563.000000 
518.000000 570.000000 
540.000000 579.000000 
518.000000 587.000000 
499.000000 592.000000 
476.000000 598.000000 
452.000000 594.000000 
432.000000 589.000000 
453.000000 575.000000 
479.000000 576.000000 
503.000000 575.000000 
503.000000 579.000000 
478.000000 580.000000 
453.000000 578.000000 
