320.000000 428.000000 
319.000000 472.000000 
322.000000 517.000000 
326.000000 563.000000 
338.000000 605.000000 
360.000000 642.000000 
391.000000 669.000000 
431.000000 686.000000 
473.000000 689.000000 
517.000000 683.000000 
557.000000 667.000000 
588.000000 640.000000 
611.000000 603.000000 
624.000000 561.000000 
630.000000 515.000000 
634.000000 469.000000 
637.000000 423.000000 
351.000000 381.000000 
373.000000 372.000000 
396.000000 367.000000 
421.000000 367.000000 
445.000000 375.000000 
509.000000 372.000000 
535.000000 365.000000 
562.000000 359.000000 
584.000000 371.000000 
604.000000 383.000000 
475.000000 411.000000 
475.000000 436.000000 
475.000000 461.000000 
475.000000 485.000000 
447.000000 515.000000 
460.000000 519.000000 
473.000000 521.000000 
488.000000 520.000000 
502.000000 516.000000 
362.000000 409.000000 
389.000000 397.000000 
417.000000 398.000000 
432.000000 415.000000 
415.000000 418.000000 
389.000000 419.000000 
524.000000 417.000000 
546.000000 391.000000 
575.000000 391.000000 
595.000000 411.000000 
576.000000 419.000000 
549.000000 420.000000 
417.000000 579.000000 
434.000000 571.000000 
454.000000 564.000000 
477.000000 569.000000 
499.000000 563.000000 
518.000000 570.000000 
540.000000 579.000000 
518.000000 587.000000 
499.000000 592.000000 
476.000000 598.000000 
452.000000 594.000000 
432.000000 589.000000 
453.000000 575.000000 
479.000000 576.000000 
503.000000 575.000000 
503.000000 579.000000 
478.000000 580.000000 
453.000000 578.000000 
