322.000000 422.000000 
321.000000 469.000000 
324.000000 516.000000 
328.000000 564.000000 
340.000000 608.000000 
364.000000 646.000000 
395.000000 674.000000 
436.000000 692.000000 
479.000000 694.000000 
524.000000 689.000000 
563.000000 671.000000 
593.000000 643.000000 
615.000000 605.000000 
629.000000 563.000000 
637.000000 516.000000 
642.000000 469.000000 
644.000000 422.000000 
353.000000 379.000000 
376.000000 370.000000 
399.000000 365.000000 
424.000000 366.000000 
449.000000 374.000000 
516.000000 372.000000 
543.000000 367.000000 
568.000000 368.000000 
591.000000 375.000000 
611.000000 386.000000 
481.000000 411.000000 
480.000000 437.000000 
480.000000 463.000000 
480.000000 489.000000 
452.000000 518.000000 
465.000000 522.000000 
478.000000 523.000000 
493.000000 523.000000 
507.000000 519.000000 
362.000000 409.000000 
389.000000 387.000000 
416.000000 390.000000 
432.000000 415.000000 
415.000000 418.000000 
389.000000 419.000000 
524.000000 417.000000 
546.000000 399.000000 
575.000000 399.000000 
595.000000 411.000000 
576.000000 419.000000 
549.000000 420.000000 
417.000000 579.000000 
434.000000 571.000000 
454.000000 564.000000 
477.000000 569.000000 
499.000000 563.000000 
518.000000 570.000000 
540.000000 579.000000 
518.000000 587.000000 
499.000000 592.000000 
476.000000 598.000000 
452.000000 594.000000 
432.000000 589.000000 
453.000000 575.000000 
479.000000 576.000000 
503.000000 575.000000 
503.000000 579.000000 
478.000000 580.000000 
453.000000 578.000000 
