322.000000 424.000000 
322.000000 468.000000 
326.000000 512.000000 
331.000000 558.000000 
343.000000 601.000000 
365.000000 639.000000 
395.000000 669.000000 
434.000000 687.000000 
477.000000 691.000000 
521.000000 685.000000 
563.000000 667.000000 
594.000000 639.000000 
618.000000 601.000000 
628.000000 558.000000 
633.000000 512.000000 
637.000000 466.000000 
641.000000 420.000000 
349.000000 385.000000 
372.000000 375.000000 
396.000000 370.000000 
422.000000 371.000000 
447.000000 380.000000 
505.000000 382.000000 
534.000000 381.000000 
557.000000 381.000000 
581.000000 385.000000 
604.000000 393.000000 
476.000000 408.000000 
476.000000 436.000000 
476.000000 463.000000 
477.000000 490.000000 
448.000000 517.000000 
461.000000 520.000000 
474.000000 523.000000 
489.000000 520.000000 
504.000000 516.000000 
362.000000 409.000000 
389.000000 397.000000 
417.000000 398.000000 
432.000000 415.000000 
415.000000 418.000000 
389.000000 419.000000 
524.000000 417.000000 
546.000000 399.000000 
575.000000 399.000000 
595.000000 411.000000 
576.000000 419.000000 
549.000000 420.000000 
417.000000 579.000000 
434.000000 571.000000 
454.000000 564.000000 
477.000000 569.000000 
499.000000 563.000000 
518.000000 570.000000 
540.000000 579.000000 
518.000000 587.000000 
499.000000 592.000000 
476.000000 598.000000 
452.000000 594.000000 
432.000000 589.000000 
453.000000 575.000000 
479.000000 576.000000 
503.000000 575.000000 
503.000000 579.000000 
478.000000 580.000000 
453.000000 578.000000 
