327.000000 421.000000 
327.000000 465.000000 
330.000000 510.000000 
333.000000 555.000000 
343.000000 597.000000 
364.000000 634.000000 
392.000000 663.000000 
433.000000 683.000000 
473.000000 689.000000 
520.000000 684.000000 
560.000000 667.000000 
591.000000 638.000000 
613.000000 599.000000 
628.000000 557.000000 
636.000000 511.000000 
641.000000 465.000000 
644.000000 419.000000 
357.000000 390.000000 
378.000000 384.000000 
402.000000 382.000000 
429.000000 384.000000 
453.000000 386.000000 
516.000000 375.000000 
548.000000 365.000000 
567.000000 371.000000 
590.000000 378.000000 
609.000000 390.000000 
480.000000 407.000000 
479.000000 434.000000 
479.000000 462.000000 
479.000000 488.000000 
451.000000 514.000000 
464.000000 519.000000 
477.000000 521.000000 
492.000000 520.000000 
506.000000 516.000000 
362.000000 409.000000 
389.000000 397.000000 
417.000000 398.000000 
432.000000 415.000000 
415.000000 418.000000 
389.000000 419.000000 
524.000000 417.000000 
546.000000 399.000000 
575.000000 399.000000 
595.000000 411.000000 
576.000000 419.000000 
549.000000 420.000000 
417.000000 579.000000 
434.000000 571.000000 
454.000000 564.000000 
477.000000 569.000000 
499.000000 563.000000 
518.000000 570.000000 
540.000000 579.000000 
518.000000 587.000000 
499.000000 592.000000 
476.000000 598.000000 
452.000000 594.000000 
432.000000 589.000000 
453.000000 575.000000 
479.000000 576.000000 
503.000000 575.000000 
503.000000 579.000000 
478.000000 580.000000 
453.000000 578.000000 
