315.000000 418.000000 
315.000000 465.000000 
319.000000 511.000000 
324.000000 559.000000 
336.000000 603.000000 
359.000000 641.000000 
389.000000 670.000000 
430.000000 691.000000 
473.000000 695.000000 
517.000000 690.000000 
558.000000 670.000000 
588.000000 641.000000 
613.000000 604.000000 
628.000000 561.000000 
636.000000 513.000000 
641.000000 466.000000 
645.000000 417.000000 
347.000000 385.000000 
363.000000 372.000000 
391.000000 359.000000 
420.000000 356.000000 
447.000000 368.000000 
512.000000 367.000000 
542.000000 358.000000 
573.000000 357.000000 
598.000000 373.000000 
622.000000 387.000000 
478.000000 411.000000 
477.000000 438.000000 
477.000000 466.000000 
478.000000 493.000000 
447.000000 518.000000 
462.000000 522.000000 
476.000000 524.000000 
492.000000 522.000000 
508.000000 518.000000 
362.000000 409.000000 
389.000000 397.000000 
417.000000 398.000000 
432.000000 415.000000 
415.000000 418.000000 
389.000000 419.000000 
524.000000 417.000000 
546.000000 399.000000 
575.000000 399.000000 
595.000000 411.000000 
576.000000 419.000000 
549.000000 420.000000 
417.000000 579.000000 
434.000000 571.000000 
454.000000 564.000000 
477.000000 569.000000 
499.000000 563.000000 
518.000000 570.000000 
540.000000 579.000000 
518.000000 587.000000 
499.000000 592.000000 
476.000000 598.000000 
452.000000 594.000000 
432.000000 589.000000 
453.000000 575.000000 
479.000000 576.000000 
503.000000 575.000000 
503.000000 579.000000 
478.000000 580.000000 
453.000000 578.000000 
