317.000000 418.000000 
317.000000 464.000000 
320.000000 510.000000 
322.000000 557.000000 
334.000000 600.000000 
356.000000 637.000000 
385.000000 665.000000 
425.000000 686.000000 
467.000000 691.000000 
512.000000 687.000000 
554.000000 668.000000 
586.000000 639.000000 
609.000000 601.000000 
625.000000 559.000000 
632.000000 511.000000 
638.000000 464.000000 
642.000000 416.000000 
349.000000 379.000000 
372.000000 370.000000 
397.000000 366.000000 
430.000000 357.000000 
447.000000 379.000000 
520.000000 375.000000 
545.000000 353.000000 
569.000000 339.000000 
602.000000 333.000000 
628.000000 359.000000 
478.000000 412.000000 
477.000000 439.000000 
477.000000 466.000000 
477.000000 492.000000 
449.000000 518.000000 
461.000000 523.000000 
474.000000 526.000000 
489.000000 524.000000 
504.000000 520.000000 
362.000000 409.000000 
389.000000 397.000000 
417.000000 398.000000 
432.000000 415.000000 
415.000000 418.000000 
389.000000 419.000000 
524.000000 417.000000 
546.000000 399.000000 
575.000000 399.000000 
595.000000 411.000000 
576.000000 419.000000 
549.000000 420.000000 
417.000000 579.000000 
434.000000 571.000000 
454.000000 564.000000 
477.000000 569.000000 
499.000000 563.000000 
518.000000 570.000000 
540.000000 579.000000 
518.000000 587.000000 
499.000000 592.000000 
476.000000 598.000000 
452.000000 594.000000 
432.000000 589.000000 
453.000000 575.000000 
479.000000 576.000000 
503.000000 575.000000 
503.000000 579.000000 
478.000000 580.000000 
453.000000 578.000000 
