317.000000 426.000000 
316.000000 471.000000 
321.000000 516.000000 
326.000000 562.000000 
338.000000 605.000000 
360.000000 643.000000 
391.000000 672.000000 
432.000000 691.000000 
476.000000 693.000000 
519.000000 688.000000 
561.000000 669.000000 
589.000000 640.000000 
612.000000 602.000000 
626.000000 561.000000 
633.000000 515.000000 
638.000000 469.000000 
640.000000 422.000000 
343.000000 362.000000 
365.000000 343.000000 
399.000000 339.000000 
434.000000 352.000000 
453.000000 371.000000 
508.000000 381.000000 
534.000000 369.000000 
561.000000 367.000000 
587.000000 372.000000 
611.000000 383.000000 
477.000000 415.000000 
477.000000 441.000000 
477.000000 467.000000 
478.000000 493.000000 
448.000000 520.000000 
461.000000 525.000000 
475.000000 527.000000 
490.000000 525.000000 
505.000000 520.000000 
362.000000 409.000000 
389.000000 397.000000 
417.000000 398.000000 
432.000000 415.000000 
415.000000 418.000000 
389.000000 419.000000 
524.000000 417.000000 
546.000000 399.000000 
575.000000 399.000000 
595.000000 411.000000 
576.000000 419.000000 
549.000000 420.000000 
415.000000 579.000000 
435.000000 568.000000 
455.000000 561.000000 
480.000000 565.000000 
501.000000 566.000000 
523.000000 571.000000 
545.000000 578.000000 
519.000000 592.000000 
500.000000 598.000000 
479.000000 603.000000 
456.000000 600.000000 
436.000000 595.000000 
453.000000 575.000000 
479.000000 576.000000 
503.000000 575.000000 
503.000000 579.000000 
478.000000 580.000000 
453.000000 578.000000 
