322.000000 422.000000 
319.000000 470.000000 
322.000000 516.000000 
325.000000 563.000000 
336.000000 605.000000 
358.000000 643.000000 
388.000000 672.000000 
429.000000 691.000000 
472.000000 693.000000 
517.000000 690.000000 
557.000000 672.000000 
588.000000 645.000000 
612.000000 608.000000 
627.000000 565.000000 
635.000000 519.000000 
642.000000 472.000000 
645.000000 424.000000 
351.000000 380.000000 
376.000000 371.000000 
403.000000 369.000000 
431.000000 372.000000 
457.000000 383.000000 
512.000000 380.000000 
540.000000 373.000000 
567.000000 373.000000 
594.000000 379.000000 
615.000000 391.000000 
480.000000 413.000000 
479.000000 440.000000 
478.000000 466.000000 
477.000000 493.000000 
447.000000 518.000000 
461.000000 523.000000 
475.000000 526.000000 
491.000000 525.000000 
506.000000 521.000000 
362.000000 409.000000 
390.000000 415.000000 
416.000000 414.000000 
432.000000 415.000000 
415.000000 418.000000 
389.000000 419.000000 
526.000000 416.000000 
549.000000 397.000000 
576.000000 399.000000 
596.000000 410.000000 
576.000000 418.000000 
552.000000 419.000000 
417.000000 579.000000 
434.000000 571.000000 
454.000000 564.000000 
477.000000 569.000000 
499.000000 563.000000 
518.000000 570.000000 
540.000000 579.000000 
518.000000 587.000000 
499.000000 592.000000 
476.000000 598.000000 
452.000000 594.000000 
432.000000 589.000000 
453.000000 575.000000 
479.000000 576.000000 
503.000000 575.000000 
503.000000 579.000000 
478.000000 580.000000 
453.000000 578.000000 
