319.000000 404.000000 
319.000000 464.000000 
325.000000 522.000000 
335.000000 578.000000 
351.000000 632.000000 
376.000000 683.000000 
404.000000 729.000000 
441.000000 737.000000 
480.000000 751.000000 
514.000000 739.000000 
546.000000 726.000000 
576.000000 686.000000 
605.000000 639.000000 
624.000000 586.000000 
636.000000 529.000000 
644.000000 469.000000 
648.000000 408.000000 
344.000000 385.000000 
369.000000 369.000000 
399.000000 361.000000 
430.000000 362.000000 
459.000000 374.000000 
512.000000 375.000000 
541.000000 365.000000 
571.000000 365.000000 
600.000000 372.000000 
622.000000 389.000000 
483.000000 405.000000 
482.000000 433.000000 
482.000000 460.000000 
481.000000 488.000000 
450.000000 516.000000 
464.000000 518.000000 
479.000000 519.000000 
495.000000 520.000000 
510.000000 519.000000 
362.000000 409.000000 
389.000000 397.000000 
417.000000 398.000000 
432.000000 415.000000 
415.000000 418.000000 
389.000000 419.000000 
524.000000 417.000000 
546.000000 399.000000 
575.000000 399.000000 
595.000000 411.000000 
576.000000 419.000000 
549.000000 420.000000 
425.000000 604.000000 
431.000000 583.000000 
453.000000 559.000000 
480.000000 555.000000 
501.000000 558.000000 
525.000000 579.000000 
531.000000 602.000000 
530.000000 635.000000 
521.000000 665.000000 
474.000000 687.000000 
443.000000 671.000000 
430.000000 639.000000 
451.000000 576.000000 
479.000000 572.000000 
511.000000 580.000000 
512.000000 651.000000 
475.000000 674.000000 
450.000000 656.000000 
