324.000000 422.000000 
321.000000 469.000000 
321.000000 514.000000 
328.000000 558.000000 
342.000000 597.000000 
368.000000 635.000000 
401.000000 661.000000 
442.000000 679.000000 
483.000000 682.000000 
527.000000 676.000000 
565.000000 655.000000 
593.000000 627.000000 
615.000000 590.000000 
628.000000 550.000000 
635.000000 507.000000 
635.000000 462.000000 
632.000000 416.000000 
349.000000 377.000000 
372.000000 368.000000 
397.000000 365.000000 
423.000000 367.000000 
449.000000 377.000000 
507.000000 377.000000 
534.000000 366.000000 
561.000000 366.000000 
586.000000 372.000000 
608.000000 381.000000 
481.000000 404.000000 
480.000000 425.000000 
480.000000 446.000000 
479.000000 466.000000 
446.000000 510.000000 
467.000000 511.000000 
482.000000 510.000000 
495.000000 510.000000 
511.000000 511.000000 
362.000000 409.000000 
389.000000 397.000000 
417.000000 398.000000 
432.000000 415.000000 
415.000000 418.000000 
389.000000 419.000000 
524.000000 417.000000 
546.000000 399.000000 
575.000000 399.000000 
595.000000 411.000000 
576.000000 419.000000 
549.000000 420.000000 
417.000000 579.000000 
437.000000 559.000000 
458.000000 553.000000 
482.000000 550.000000 
511.000000 551.000000 
530.000000 562.000000 
546.000000 582.000000 
530.000000 539.000000 
517.000000 523.000000 
481.000000 519.000000 
450.000000 523.000000 
431.000000 538.000000 
460.000000 567.000000 
483.000000 567.000000 
507.000000 564.000000 
508.000000 534.000000 
480.000000 533.000000 
453.000000 533.000000 
