319.000000 429.000000 
319.000000 475.000000 
323.000000 519.000000 
330.000000 563.000000 
342.000000 604.000000 
364.000000 642.000000 
394.000000 672.000000 
436.000000 687.000000 
480.000000 691.000000 
526.000000 689.000000 
569.000000 679.000000 
596.000000 654.000000 
618.000000 624.000000 
638.000000 575.000000 
643.000000 520.000000 
643.000000 476.000000 
646.000000 427.000000 
346.000000 379.000000 
370.000000 368.000000 
395.000000 365.000000 
423.000000 368.000000 
447.000000 378.000000 
502.000000 379.000000 
531.000000 369.000000 
560.000000 369.000000 
587.000000 370.000000 
609.000000 382.000000 
472.000000 413.000000 
472.000000 437.000000 
473.000000 462.000000 
474.000000 486.000000 
445.000000 514.000000 
458.000000 518.000000 
472.000000 521.000000 
485.000000 520.000000 
500.000000 516.000000 
362.000000 409.000000 
389.000000 397.000000 
417.000000 398.000000 
432.000000 415.000000 
415.000000 418.000000 
389.000000 419.000000 
524.000000 417.000000 
546.000000 399.000000 
575.000000 399.000000 
595.000000 411.000000 
576.000000 419.000000 
549.000000 420.000000 
414.000000 577.000000 
430.000000 564.000000 
451.000000 558.000000 
474.000000 562.000000 
499.000000 560.000000 
526.000000 566.000000 
547.000000 577.000000 
530.000000 588.000000 
504.000000 592.000000 
478.000000 594.000000 
452.000000 591.000000 
431.000000 585.000000 
453.000000 575.000000 
479.000000 576.000000 
503.000000 575.000000 
503.000000 579.000000 
478.000000 580.000000 
453.000000 578.000000 
