321.000000 428.000000 
320.000000 475.000000 
323.000000 520.000000 
325.000000 566.000000 
334.000000 609.000000 
355.000000 647.000000 
386.000000 674.000000 
429.000000 689.000000 
475.000000 690.000000 
522.000000 686.000000 
564.000000 670.000000 
592.000000 641.000000 
614.000000 604.000000 
629.000000 565.000000 
636.000000 519.000000 
641.000000 475.000000 
642.000000 429.000000 
346.000000 386.000000 
371.000000 374.000000 
401.000000 369.000000 
432.000000 371.000000 
461.000000 381.000000 
508.000000 383.000000 
537.000000 374.000000 
567.000000 374.000000 
595.000000 380.000000 
620.000000 393.000000 
485.000000 415.000000 
484.000000 440.000000 
484.000000 466.000000 
484.000000 492.000000 
451.000000 518.000000 
466.000000 523.000000 
481.000000 526.000000 
496.000000 525.000000 
511.000000 521.000000 
362.000000 409.000000 
389.000000 397.000000 
417.000000 398.000000 
432.000000 415.000000 
415.000000 418.000000 
389.000000 419.000000 
524.000000 417.000000 
546.000000 399.000000 
575.000000 399.000000 
595.000000 411.000000 
576.000000 419.000000 
549.000000 420.000000 
403.000000 580.000000 
428.000000 571.000000 
448.000000 566.000000 
482.000000 569.000000 
501.000000 563.000000 
519.000000 569.000000 
543.000000 579.000000 
524.000000 589.000000 
503.000000 594.000000 
471.000000 600.000000 
446.000000 597.000000 
426.000000 590.000000 
453.000000 575.000000 
479.000000 576.000000 
503.000000 575.000000 
503.000000 579.000000 
478.000000 580.000000 
453.000000 578.000000 
