322.000000 428.000000 
321.000000 475.000000 
324.000000 521.000000 
328.000000 567.000000 
340.000000 610.000000 
361.000000 648.000000 
391.000000 676.000000 
433.000000 692.000000 
476.000000 696.000000 
522.000000 691.000000 
563.000000 674.000000 
594.000000 648.000000 
616.000000 611.000000 
629.000000 569.000000 
635.000000 523.000000 
638.000000 477.000000 
641.000000 429.000000 
347.000000 385.000000 
370.000000 373.000000 
396.000000 368.000000 
425.000000 369.000000 
452.000000 379.000000 
505.000000 378.000000 
534.000000 369.000000 
563.000000 369.000000 
590.000000 377.000000 
612.000000 391.000000 
479.000000 416.000000 
478.000000 441.000000 
478.000000 466.000000 
479.000000 491.000000 
449.000000 520.000000 
463.000000 524.000000 
477.000000 525.000000 
492.000000 524.000000 
507.000000 520.000000 
362.000000 409.000000 
389.000000 397.000000 
417.000000 398.000000 
432.000000 415.000000 
415.000000 418.000000 
389.000000 419.000000 
524.000000 417.000000 
546.000000 399.000000 
575.000000 399.000000 
595.000000 411.000000 
576.000000 419.000000 
549.000000 420.000000 
407.000000 578.000000 
435.000000 570.000000 
457.000000 561.000000 
477.000000 565.000000 
501.000000 563.000000 
519.000000 572.000000 
550.000000 578.000000 
521.000000 590.000000 
504.000000 595.000000 
481.000000 600.000000 
456.000000 597.000000 
436.000000 594.000000 
453.000000 576.000000 
479.000000 576.000000 
503.000000 575.000000 
503.000000 581.000000 
478.000000 583.000000 
453.000000 582.000000 
