317.000000 420.000000 
319.000000 469.000000 
324.000000 515.000000 
329.000000 562.000000 
342.000000 605.000000 
367.000000 643.000000 
400.000000 671.000000 
445.000000 686.000000 
490.000000 685.000000 
535.000000 677.000000 
573.000000 657.000000 
601.000000 628.000000 
619.000000 588.000000 
629.000000 545.000000 
633.000000 500.000000 
636.000000 455.000000 
637.000000 409.000000 
339.000000 387.000000 
361.000000 371.000000 
388.000000 364.000000 
417.000000 364.000000 
446.000000 373.000000 
501.000000 371.000000 
527.000000 361.000000 
554.000000 358.000000 
580.000000 364.000000 
603.000000 375.000000 
474.000000 408.000000 
475.000000 434.000000 
476.000000 460.000000 
478.000000 486.000000 
453.000000 513.000000 
465.000000 515.000000 
478.000000 516.000000 
492.000000 512.000000 
507.000000 507.000000 
362.000000 409.000000 
389.000000 397.000000 
417.000000 398.000000 
432.000000 415.000000 
415.000000 418.000000 
389.000000 419.000000 
524.000000 417.000000 
546.000000 399.000000 
575.000000 399.000000 
595.000000 411.000000 
576.000000 419.000000 
549.000000 420.000000 
414.000000 577.000000 
436.000000 568.000000 
461.000000 556.000000 
481.000000 552.000000 
508.000000 543.000000 
531.000000 549.000000 
548.000000 568.000000 
528.000000 583.000000 
510.000000 590.000000 
487.000000 591.000000 
465.000000 592.000000 
436.000000 591.000000 
460.000000 569.000000 
489.000000 559.000000 
509.000000 555.000000 
511.000000 576.000000 
480.000000 579.000000 
459.000000 578.000000 
