327.000000 420.000000 
326.000000 467.000000 
330.000000 512.000000 
334.000000 559.000000 
343.000000 603.000000 
363.000000 642.000000 
393.000000 671.000000 
433.000000 689.000000 
476.000000 693.000000 
521.000000 688.000000 
564.000000 671.000000 
595.000000 642.000000 
617.000000 604.000000 
629.000000 561.000000 
636.000000 514.000000 
642.000000 468.000000 
645.000000 420.000000 
350.000000 376.000000 
372.000000 367.000000 
404.000000 364.000000 
429.000000 366.000000 
452.000000 376.000000 
512.000000 374.000000 
538.000000 367.000000 
563.000000 368.000000 
587.000000 376.000000 
608.000000 388.000000 
481.000000 412.000000 
480.000000 438.000000 
480.000000 463.000000 
479.000000 488.000000 
451.000000 511.000000 
464.000000 516.000000 
477.000000 521.000000 
491.000000 519.000000 
505.000000 515.000000 
362.000000 409.000000 
389.000000 397.000000 
417.000000 398.000000 
432.000000 415.000000 
415.000000 418.000000 
389.000000 419.000000 
524.000000 417.000000 
546.000000 399.000000 
575.000000 399.000000 
595.000000 411.000000 
576.000000 419.000000 
549.000000 420.000000 
408.000000 568.000000 
425.000000 553.000000 
446.000000 542.000000 
476.000000 553.000000 
500.000000 555.000000 
519.000000 568.000000 
541.000000 577.000000 
518.000000 591.000000 
496.000000 595.000000 
473.000000 599.000000 
450.000000 595.000000 
431.000000 586.000000 
446.000000 554.000000 
473.000000 562.000000 
502.000000 568.000000 
503.000000 579.000000 
468.000000 578.000000 
448.000000 576.000000 
