311.000000 413.000000 
313.000000 461.000000 
318.000000 508.000000 
323.000000 556.000000 
336.000000 600.000000 
362.000000 639.000000 
395.000000 669.000000 
439.000000 689.000000 
484.000000 693.000000 
527.000000 687.000000 
564.000000 666.000000 
592.000000 634.000000 
613.000000 593.000000 
624.000000 550.000000 
631.000000 504.000000 
636.000000 458.000000 
639.000000 410.000000 
340.000000 389.000000 
365.000000 375.000000 
395.000000 369.000000 
426.000000 371.000000 
456.000000 383.000000 
510.000000 383.000000 
540.000000 374.000000 
571.000000 374.000000 
601.000000 380.000000 
624.000000 396.000000 
481.000000 415.000000 
482.000000 441.000000 
484.000000 468.000000 
486.000000 495.000000 
454.000000 520.000000 
468.000000 524.000000 
483.000000 528.000000 
499.000000 525.000000 
514.000000 521.000000 
362.000000 409.000000 
389.000000 397.000000 
417.000000 398.000000 
432.000000 415.000000 
415.000000 418.000000 
389.000000 419.000000 
524.000000 417.000000 
546.000000 399.000000 
575.000000 399.000000 
595.000000 411.000000 
576.000000 419.000000 
549.000000 420.000000 
415.000000 577.000000 
437.000000 567.000000 
456.000000 562.000000 
479.000000 564.000000 
505.000000 565.000000 
529.000000 567.000000 
549.000000 579.000000 
541.000000 600.000000 
521.000000 616.000000 
488.000000 615.000000 
465.000000 609.000000 
440.000000 599.000000 
455.000000 572.000000 
486.000000 576.000000 
512.000000 576.000000 
517.000000 595.000000 
494.000000 593.000000 
454.000000 580.000000 
