316.000000 416.000000 
317.000000 463.000000 
322.000000 509.000000 
327.000000 554.000000 
337.000000 599.000000 
361.000000 637.000000 
392.000000 667.000000 
431.000000 686.000000 
473.000000 687.000000 
515.000000 680.000000 
556.000000 661.000000 
586.000000 635.000000 
611.000000 598.000000 
627.000000 558.000000 
635.000000 513.000000 
640.000000 468.000000 
643.000000 420.000000 
334.000000 388.000000 
361.000000 374.000000 
393.000000 368.000000 
425.000000 370.000000 
455.000000 382.000000 
501.000000 382.000000 
530.000000 370.000000 
560.000000 368.000000 
590.000000 373.000000 
613.000000 387.000000 
476.000000 414.000000 
475.000000 440.000000 
475.000000 467.000000 
475.000000 494.000000 
444.000000 519.000000 
458.000000 523.000000 
472.000000 525.000000 
487.000000 523.000000 
503.000000 520.000000 
362.000000 409.000000 
389.000000 397.000000 
417.000000 398.000000 
432.000000 415.000000 
415.000000 418.000000 
389.000000 419.000000 
524.000000 417.000000 
546.000000 399.000000 
575.000000 399.000000 
595.000000 411.000000 
576.000000 419.000000 
549.000000 420.000000 
414.000000 577.000000 
434.000000 570.000000 
456.000000 565.000000 
476.000000 565.000000 
500.000000 562.000000 
519.000000 569.000000 
541.000000 578.000000 
522.000000 594.000000 
501.000000 599.000000 
470.000000 611.000000 
443.000000 617.000000 
424.000000 600.000000 
448.000000 577.000000 
477.000000 576.000000 
501.000000 575.000000 
498.000000 582.000000 
474.000000 592.000000 
446.000000 595.000000 
