315.000000 420.000000 
315.000000 470.000000 
319.000000 518.000000 
322.000000 568.000000 
334.000000 615.000000 
359.000000 654.000000 
392.000000 685.000000 
437.000000 706.000000 
482.000000 708.000000 
526.000000 701.000000 
566.000000 677.000000 
594.000000 644.000000 
614.000000 602.000000 
624.000000 557.000000 
629.000000 510.000000 
634.000000 464.000000 
635.000000 416.000000 
347.000000 379.000000 
369.000000 369.000000 
394.000000 366.000000 
419.000000 369.000000 
444.000000 379.000000 
516.000000 378.000000 
542.000000 370.000000 
567.000000 369.000000 
590.000000 375.000000 
611.000000 387.000000 
480.000000 412.000000 
480.000000 439.000000 
480.000000 467.000000 
481.000000 494.000000 
451.000000 521.000000 
464.000000 526.000000 
478.000000 530.000000 
492.000000 527.000000 
505.000000 521.000000 
362.000000 409.000000 
389.000000 397.000000 
417.000000 398.000000 
432.000000 415.000000 
415.000000 418.000000 
389.000000 419.000000 
524.000000 417.000000 
546.000000 399.000000 
575.000000 399.000000 
595.000000 411.000000 
576.000000 419.000000 
549.000000 420.000000 
415.000000 576.000000 
437.000000 577.000000 
458.000000 576.000000 
480.000000 578.000000 
502.000000 575.000000 
522.000000 580.000000 
551.000000 578.000000 
530.000000 596.000000 
503.000000 608.000000 
480.000000 611.000000 
455.000000 610.000000 
431.000000 596.000000 
456.000000 579.000000 
479.000000 582.000000 
501.000000 583.000000 
501.000000 580.000000 
481.000000 579.000000 
457.000000 576.000000 
