321.000000 419.000000 
321.000000 466.000000 
325.000000 512.000000 
328.000000 560.000000 
340.000000 603.000000 
363.000000 642.000000 
392.000000 671.000000 
432.000000 689.000000 
476.000000 692.000000 
520.000000 688.000000 
561.000000 670.000000 
592.000000 642.000000 
615.000000 604.000000 
630.000000 561.000000 
637.000000 514.000000 
643.000000 467.000000 
647.000000 418.000000 
350.000000 381.000000 
374.000000 371.000000 
400.000000 367.000000 
427.000000 368.000000 
453.000000 378.000000 
513.000000 376.000000 
541.000000 368.000000 
569.000000 368.000000 
595.000000 374.000000 
618.000000 385.000000 
480.000000 410.000000 
480.000000 437.000000 
479.000000 464.000000 
479.000000 492.000000 
451.000000 519.000000 
465.000000 523.000000 
478.000000 525.000000 
493.000000 523.000000 
508.000000 520.000000 
362.000000 409.000000 
389.000000 397.000000 
417.000000 398.000000 
432.000000 415.000000 
415.000000 418.000000 
389.000000 419.000000 
529.000000 414.000000 
550.000000 396.000000 
580.000000 396.000000 
596.000000 409.000000 
577.000000 412.000000 
550.000000 411.000000 
417.000000 579.000000 
434.000000 571.000000 
454.000000 564.000000 
477.000000 569.000000 
499.000000 563.000000 
518.000000 570.000000 
540.000000 579.000000 
518.000000 587.000000 
499.000000 592.000000 
476.000000 598.000000 
452.000000 594.000000 
432.000000 589.000000 
453.000000 575.000000 
479.000000 576.000000 
503.000000 575.000000 
503.000000 579.000000 
478.000000 580.000000 
453.000000 578.000000 
