322.000000 418.000000 
320.000000 465.000000 
322.000000 511.000000 
326.000000 556.000000 
338.000000 598.000000 
362.000000 635.000000 
391.000000 665.000000 
431.000000 684.000000 
473.000000 689.000000 
516.000000 684.000000 
557.000000 666.000000 
588.000000 639.000000 
612.000000 601.000000 
627.000000 560.000000 
633.000000 513.000000 
637.000000 466.000000 
638.000000 418.000000 
352.000000 377.000000 
373.000000 370.000000 
396.000000 367.000000 
420.000000 369.000000 
445.000000 378.000000 
507.000000 378.000000 
533.000000 370.000000 
560.000000 370.000000 
584.000000 375.000000 
606.000000 386.000000 
476.000000 413.000000 
475.000000 438.000000 
475.000000 463.000000 
474.000000 488.000000 
449.000000 516.000000 
461.000000 519.000000 
473.000000 522.000000 
486.000000 520.000000 
500.000000 517.000000 
362.000000 409.000000 
389.000000 397.000000 
417.000000 398.000000 
432.000000 415.000000 
415.000000 418.000000 
389.000000 419.000000 
524.000000 417.000000 
546.000000 399.000000 
575.000000 399.000000 
595.000000 411.000000 
576.000000 419.000000 
549.000000 420.000000 
417.000000 579.000000 
434.000000 571.000000 
454.000000 564.000000 
477.000000 569.000000 
499.000000 563.000000 
518.000000 570.000000 
540.000000 579.000000 
518.000000 587.000000 
499.000000 592.000000 
476.000000 598.000000 
452.000000 594.000000 
432.000000 589.000000 
454.000000 574.000000 
480.000000 579.000000 
503.000000 575.000000 
503.000000 579.000000 
478.000000 580.000000 
453.000000 578.000000 
