315.000000 428.000000 
317.000000 473.000000 
322.000000 519.000000 
326.000000 566.000000 
339.000000 609.000000 
366.000000 646.000000 
400.000000 676.000000 
445.000000 696.000000 
491.000000 697.000000 
538.000000 687.000000 
576.000000 663.000000 
603.000000 628.000000 
626.000000 586.000000 
638.000000 544.000000 
642.000000 499.000000 
645.000000 456.000000 
644.000000 411.000000 
335.000000 396.000000 
360.000000 381.000000 
390.000000 374.000000 
420.000000 374.000000 
451.000000 382.000000 
505.000000 380.000000 
535.000000 369.000000 
565.000000 368.000000 
595.000000 374.000000 
621.000000 387.000000 
479.000000 413.000000 
480.000000 440.000000 
482.000000 466.000000 
483.000000 493.000000 
454.000000 522.000000 
468.000000 525.000000 
483.000000 527.000000 
498.000000 522.000000 
513.000000 516.000000 
362.000000 409.000000 
389.000000 397.000000 
417.000000 398.000000 
432.000000 415.000000 
415.000000 418.000000 
389.000000 419.000000 
524.000000 417.000000 
546.000000 399.000000 
575.000000 399.000000 
595.000000 411.000000 
576.000000 419.000000 
549.000000 420.000000 
414.000000 579.000000 
442.000000 566.000000 
467.000000 561.000000 
492.000000 561.000000 
526.000000 551.000000 
551.000000 550.000000 
568.000000 549.000000 
554.000000 567.000000 
534.000000 581.000000 
492.000000 596.000000 
468.000000 596.000000 
443.000000 595.000000 
469.000000 572.000000 
492.000000 566.000000 
532.000000 560.000000 
533.000000 565.000000 
493.000000 573.000000 
469.000000 577.000000 
