318.000000 418.000000 
316.000000 462.000000 
317.000000 504.000000 
319.000000 549.000000 
328.000000 592.000000 
349.000000 632.000000 
377.000000 665.000000 
418.000000 687.000000 
465.000000 694.000000 
511.000000 690.000000 
554.000000 671.000000 
586.000000 644.000000 
610.000000 606.000000 
622.000000 565.000000 
628.000000 520.000000 
634.000000 475.000000 
639.000000 427.000000 
342.000000 383.000000 
366.000000 370.000000 
395.000000 365.000000 
425.000000 367.000000 
454.000000 378.000000 
506.000000 379.000000 
536.000000 369.000000 
566.000000 369.000000 
594.000000 377.000000 
617.000000 393.000000 
482.000000 410.000000 
481.000000 438.000000 
481.000000 466.000000 
480.000000 494.000000 
445.000000 511.000000 
460.000000 517.000000 
475.000000 521.000000 
491.000000 520.000000 
507.000000 518.000000 
362.000000 409.000000 
389.000000 397.000000 
417.000000 398.000000 
432.000000 415.000000 
415.000000 418.000000 
389.000000 419.000000 
524.000000 417.000000 
546.000000 399.000000 
575.000000 399.000000 
595.000000 411.000000 
576.000000 419.000000 
549.000000 420.000000 
382.000000 546.000000 
410.000000 551.000000 
433.000000 552.000000 
475.000000 558.000000 
492.000000 559.000000 
514.000000 568.000000 
542.000000 578.000000 
516.000000 590.000000 
496.000000 594.000000 
469.000000 597.000000 
430.000000 584.000000 
404.000000 569.000000 
444.000000 561.000000 
478.000000 568.000000 
503.000000 575.000000 
503.000000 579.000000 
477.000000 576.000000 
444.000000 567.000000 
