321.000000 423.000000 
322.000000 469.000000 
326.000000 515.000000 
328.000000 562.000000 
340.000000 606.000000 
364.000000 643.000000 
395.000000 672.000000 
437.000000 691.000000 
481.000000 693.000000 
527.000000 686.000000 
568.000000 667.000000 
598.000000 637.000000 
622.000000 599.000000 
634.000000 557.000000 
638.000000 511.000000 
642.000000 465.000000 
645.000000 420.000000 
346.000000 388.000000 
368.000000 377.000000 
394.000000 372.000000 
422.000000 372.000000 
449.000000 379.000000 
513.000000 378.000000 
540.000000 371.000000 
568.000000 372.000000 
593.000000 378.000000 
615.000000 391.000000 
479.000000 413.000000 
479.000000 439.000000 
478.000000 465.000000 
479.000000 491.000000 
454.000000 522.000000 
467.000000 525.000000 
479.000000 526.000000 
494.000000 524.000000 
508.000000 521.000000 
362.000000 409.000000 
389.000000 397.000000 
417.000000 398.000000 
432.000000 415.000000 
415.000000 418.000000 
389.000000 419.000000 
524.000000 417.000000 
546.000000 399.000000 
575.000000 399.000000 
595.000000 411.000000 
576.000000 419.000000 
549.000000 420.000000 
415.000000 578.000000 
442.000000 572.000000 
459.000000 565.000000 
482.000000 563.000000 
508.000000 560.000000 
534.000000 565.000000 
556.000000 570.000000 
535.000000 581.000000 
509.000000 589.000000 
484.000000 596.000000 
460.000000 594.000000 
439.000000 591.000000 
453.000000 575.000000 
479.000000 576.000000 
507.000000 570.000000 
507.000000 575.000000 
478.000000 580.000000 
453.000000 578.000000 
