317.000000 428.000000 
316.000000 473.000000 
318.000000 517.000000 
321.000000 562.000000 
332.000000 603.000000 
355.000000 639.000000 
387.000000 667.000000 
428.000000 687.000000 
473.000000 691.000000 
517.000000 686.000000 
559.000000 667.000000 
589.000000 639.000000 
611.000000 600.000000 
623.000000 559.000000 
629.000000 513.000000 
633.000000 468.000000 
636.000000 422.000000 
345.000000 384.000000 
368.000000 374.000000 
394.000000 370.000000 
421.000000 371.000000 
448.000000 380.000000 
507.000000 380.000000 
536.000000 371.000000 
563.000000 371.000000 
589.000000 377.000000 
611.000000 389.000000 
479.000000 413.000000 
479.000000 439.000000 
479.000000 465.000000 
480.000000 491.000000 
448.000000 517.000000 
461.000000 521.000000 
476.000000 524.000000 
490.000000 523.000000 
505.000000 520.000000 
362.000000 409.000000 
389.000000 397.000000 
417.000000 398.000000 
432.000000 415.000000 
415.000000 418.000000 
389.000000 419.000000 
524.000000 417.000000 
546.000000 399.000000 
575.000000 399.000000 
595.000000 411.000000 
576.000000 419.000000 
549.000000 420.000000 
399.000000 567.000000 
424.000000 562.000000 
445.000000 561.000000 
477.000000 563.000000 
497.000000 564.000000 
516.000000 569.000000 
539.000000 582.000000 
516.000000 587.000000 
496.000000 592.000000 
475.000000 597.000000 
441.000000 591.000000 
419.000000 583.000000 
449.000000 569.000000 
479.000000 576.000000 
503.000000 575.000000 
503.000000 579.000000 
478.000000 580.000000 
448.000000 576.000000 
