313.000000 416.000000 
313.000000 464.000000 
316.000000 511.000000 
321.000000 559.000000 
334.000000 604.000000 
359.000000 641.000000 
392.000000 670.000000 
435.000000 690.000000 
478.000000 695.000000 
521.000000 690.000000 
562.000000 673.000000 
592.000000 645.000000 
614.000000 605.000000 
626.000000 561.000000 
633.000000 512.000000 
636.000000 463.000000 
637.000000 413.000000 
339.000000 387.000000 
366.000000 375.000000 
395.000000 371.000000 
425.000000 372.000000 
453.000000 382.000000 
506.000000 380.000000 
536.000000 371.000000 
567.000000 372.000000 
596.000000 379.000000 
621.000000 394.000000 
478.000000 412.000000 
479.000000 439.000000 
480.000000 465.000000 
481.000000 492.000000 
447.000000 518.000000 
462.000000 521.000000 
478.000000 524.000000 
493.000000 523.000000 
508.000000 521.000000 
362.000000 409.000000 
389.000000 397.000000 
417.000000 398.000000 
432.000000 415.000000 
415.000000 418.000000 
389.000000 419.000000 
524.000000 417.000000 
546.000000 399.000000 
575.000000 399.000000 
595.000000 411.000000 
576.000000 419.000000 
549.000000 420.000000 
416.000000 577.000000 
435.000000 574.000000 
458.000000 567.000000 
482.000000 566.000000 
512.000000 567.000000 
539.000000 579.000000 
563.000000 597.000000 
528.000000 595.000000 
504.000000 600.000000 
478.000000 600.000000 
460.000000 601.000000 
436.000000 596.000000 
453.000000 575.000000 
479.000000 576.000000 
512.000000 578.000000 
512.000000 584.000000 
478.000000 580.000000 
453.000000 578.000000 
