316.000000 417.000000 
315.000000 466.000000 
318.000000 515.000000 
322.000000 564.000000 
333.000000 610.000000 
356.000000 647.000000 
389.000000 674.000000 
431.000000 688.000000 
473.000000 690.000000 
518.000000 684.000000 
559.000000 667.000000 
590.000000 639.000000 
614.000000 601.000000 
628.000000 559.000000 
635.000000 512.000000 
639.000000 465.000000 
641.000000 418.000000 
339.000000 385.000000 
364.000000 371.000000 
394.000000 364.000000 
425.000000 365.000000 
455.000000 375.000000 
508.000000 376.000000 
537.000000 367.000000 
567.000000 367.000000 
596.000000 373.000000 
619.000000 388.000000 
479.000000 407.000000 
479.000000 434.000000 
480.000000 462.000000 
481.000000 490.000000 
448.000000 518.000000 
462.000000 521.000000 
478.000000 523.000000 
494.000000 520.000000 
510.000000 516.000000 
362.000000 409.000000 
389.000000 397.000000 
417.000000 398.000000 
432.000000 415.000000 
415.000000 418.000000 
389.000000 419.000000 
524.000000 417.000000 
546.000000 399.000000 
575.000000 399.000000 
595.000000 411.000000 
576.000000 419.000000 
549.000000 420.000000 
402.000000 595.000000 
423.000000 577.000000 
447.000000 567.000000 
480.000000 565.000000 
501.000000 563.000000 
519.000000 569.000000 
540.000000 584.000000 
518.000000 589.000000 
498.000000 594.000000 
478.000000 600.000000 
447.000000 597.000000 
427.000000 595.000000 
446.000000 578.000000 
479.000000 576.000000 
503.000000 575.000000 
503.000000 579.000000 
478.000000 580.000000 
446.000000 582.000000 
