316.000000 418.000000 
316.000000 465.000000 
319.000000 511.000000 
324.000000 557.000000 
337.000000 600.000000 
359.000000 637.000000 
388.000000 666.000000 
430.000000 686.000000 
471.000000 691.000000 
514.000000 686.000000 
554.000000 669.000000 
585.000000 643.000000 
609.000000 605.000000 
623.000000 563.000000 
631.000000 515.000000 
635.000000 468.000000 
637.000000 418.000000 
345.000000 379.000000 
370.000000 370.000000 
397.000000 366.000000 
424.000000 368.000000 
449.000000 377.000000 
507.000000 378.000000 
534.000000 369.000000 
562.000000 369.000000 
588.000000 375.000000 
611.000000 387.000000 
476.000000 411.000000 
476.000000 437.000000 
477.000000 463.000000 
477.000000 489.000000 
445.000000 516.000000 
459.000000 520.000000 
473.000000 523.000000 
489.000000 522.000000 
504.000000 519.000000 
362.000000 409.000000 
389.000000 397.000000 
417.000000 398.000000 
432.000000 415.000000 
415.000000 418.000000 
389.000000 419.000000 
524.000000 417.000000 
546.000000 399.000000 
575.000000 399.000000 
595.000000 411.000000 
576.000000 419.000000 
549.000000 420.000000 
413.000000 578.000000 
432.000000 571.000000 
452.000000 564.000000 
473.000000 568.000000 
495.000000 565.000000 
528.000000 576.000000 
549.000000 592.000000 
521.000000 595.000000 
497.000000 597.000000 
476.000000 601.000000 
453.000000 596.000000 
433.000000 590.000000 
453.000000 575.000000 
479.000000 576.000000 
510.000000 577.000000 
510.000000 582.000000 
478.000000 580.000000 
453.000000 578.000000 
