320.000000 420.000000 
320.000000 468.000000 
324.000000 514.000000 
329.000000 561.000000 
341.000000 605.000000 
365.000000 644.000000 
397.000000 671.000000 
437.000000 688.000000 
480.000000 689.000000 
523.000000 683.000000 
564.000000 666.000000 
593.000000 637.000000 
617.000000 600.000000 
631.000000 559.000000 
638.000000 512.000000 
642.000000 465.000000 
645.000000 417.000000 
344.000000 383.000000 
368.000000 371.000000 
395.000000 367.000000 
425.000000 368.000000 
453.000000 377.000000 
509.000000 375.000000 
537.000000 367.000000 
566.000000 367.000000 
594.000000 373.000000 
617.000000 387.000000 
479.000000 411.000000 
479.000000 437.000000 
479.000000 463.000000 
480.000000 489.000000 
452.000000 520.000000 
466.000000 524.000000 
480.000000 526.000000 
495.000000 523.000000 
510.000000 519.000000 
362.000000 409.000000 
389.000000 397.000000 
417.000000 398.000000 
432.000000 415.000000 
415.000000 418.000000 
389.000000 419.000000 
524.000000 417.000000 
546.000000 399.000000 
575.000000 399.000000 
595.000000 411.000000 
576.000000 419.000000 
549.000000 420.000000 
414.000000 591.000000 
431.000000 579.000000 
452.000000 568.000000 
483.000000 565.000000 
505.000000 563.000000 
525.000000 571.000000 
545.000000 579.000000 
524.000000 590.000000 
504.000000 595.000000 
479.000000 599.000000 
455.000000 596.000000 
433.000000 595.000000 
452.000000 576.000000 
479.000000 576.000000 
503.000000 575.000000 
503.000000 579.000000 
478.000000 580.000000 
452.000000 583.000000 
