322.000000 426.000000 
323.000000 472.000000 
326.000000 517.000000 
327.000000 563.000000 
337.000000 606.000000 
363.000000 643.000000 
395.000000 670.000000 
437.000000 687.000000 
479.000000 688.000000 
525.000000 681.000000 
565.000000 662.000000 
597.000000 634.000000 
622.000000 597.000000 
635.000000 556.000000 
641.000000 512.000000 
645.000000 469.000000 
648.000000 424.000000 
347.000000 389.000000 
370.000000 379.000000 
395.000000 373.000000 
422.000000 372.000000 
448.000000 380.000000 
512.000000 378.000000 
540.000000 371.000000 
567.000000 372.000000 
591.000000 377.000000 
612.000000 387.000000 
479.000000 417.000000 
478.000000 443.000000 
478.000000 470.000000 
478.000000 496.000000 
449.000000 523.000000 
463.000000 527.000000 
477.000000 529.000000 
493.000000 526.000000 
508.000000 521.000000 
362.000000 409.000000 
389.000000 397.000000 
417.000000 398.000000 
432.000000 415.000000 
415.000000 418.000000 
389.000000 419.000000 
524.000000 417.000000 
546.000000 399.000000 
575.000000 399.000000 
595.000000 411.000000 
576.000000 419.000000 
549.000000 420.000000 
414.000000 581.000000 
439.000000 572.000000 
460.000000 567.000000 
482.000000 560.000000 
522.000000 556.000000 
537.000000 558.000000 
557.000000 560.000000 
540.000000 572.000000 
520.000000 581.000000 
487.000000 589.000000 
458.000000 589.000000 
437.000000 587.000000 
453.000000 575.000000 
482.000000 571.000000 
510.000000 564.000000 
511.000000 568.000000 
483.000000 576.000000 
453.000000 578.000000 
