317.000000 422.000000 
317.000000 468.000000 
320.000000 514.000000 
324.000000 561.000000 
336.000000 604.000000 
359.000000 642.000000 
389.000000 670.000000 
429.000000 690.000000 
472.000000 692.000000 
516.000000 688.000000 
557.000000 669.000000 
587.000000 641.000000 
610.000000 604.000000 
624.000000 562.000000 
630.000000 516.000000 
635.000000 469.000000 
638.000000 422.000000 
344.000000 384.000000 
367.000000 375.000000 
394.000000 370.000000 
422.000000 371.000000 
449.000000 380.000000 
508.000000 380.000000 
535.000000 372.000000 
562.000000 372.000000 
588.000000 378.000000 
611.000000 391.000000 
476.000000 413.000000 
475.000000 440.000000 
476.000000 467.000000 
476.000000 493.000000 
447.000000 520.000000 
460.000000 524.000000 
474.000000 527.000000 
489.000000 525.000000 
504.000000 521.000000 
362.000000 409.000000 
389.000000 397.000000 
417.000000 398.000000 
430.000000 409.000000 
417.000000 409.000000 
389.000000 412.000000 
524.000000 420.000000 
551.000000 395.000000 
577.000000 396.000000 
596.000000 411.000000 
575.000000 418.000000 
551.000000 418.000000 
417.000000 579.000000 
434.000000 571.000000 
454.000000 564.000000 
477.000000 569.000000 
499.000000 563.000000 
518.000000 570.000000 
540.000000 579.000000 
518.000000 587.000000 
499.000000 592.000000 
476.000000 598.000000 
452.000000 594.000000 
432.000000 589.000000 
453.000000 575.000000 
479.000000 576.000000 
503.000000 575.000000 
503.000000 579.000000 
478.000000 580.000000 
453.000000 578.000000 
