318.000000 426.000000 
317.000000 470.000000 
319.000000 513.000000 
323.000000 557.000000 
335.000000 598.000000 
358.000000 634.000000 
389.000000 662.000000 
430.000000 682.000000 
474.000000 688.000000 
518.000000 685.000000 
561.000000 668.000000 
592.000000 640.000000 
614.000000 601.000000 
625.000000 559.000000 
631.000000 514.000000 
637.000000 470.000000 
640.000000 423.000000 
348.000000 385.000000 
371.000000 375.000000 
396.000000 371.000000 
423.000000 373.000000 
449.000000 381.000000 
512.000000 381.000000 
540.000000 374.000000 
567.000000 375.000000 
592.000000 383.000000 
614.000000 395.000000 
481.000000 416.000000 
481.000000 442.000000 
481.000000 469.000000 
481.000000 496.000000 
449.000000 517.000000 
462.000000 522.000000 
476.000000 526.000000 
492.000000 525.000000 
507.000000 523.000000 
362.000000 409.000000 
389.000000 397.000000 
417.000000 398.000000 
432.000000 415.000000 
415.000000 418.000000 
389.000000 419.000000 
524.000000 417.000000 
546.000000 399.000000 
575.000000 399.000000 
595.000000 411.000000 
576.000000 419.000000 
549.000000 420.000000 
401.000000 556.000000 
428.000000 558.000000 
448.000000 559.000000 
478.000000 562.000000 
495.000000 563.000000 
515.000000 570.000000 
538.000000 579.000000 
518.000000 594.000000 
498.000000 597.000000 
472.000000 597.000000 
443.000000 583.000000 
422.000000 572.000000 
457.000000 565.000000 
480.000000 571.000000 
503.000000 575.000000 
503.000000 579.000000 
478.000000 577.000000 
456.000000 573.000000 
