319.000000 424.000000 
318.000000 472.000000 
322.000000 520.000000 
329.000000 567.000000 
343.000000 610.000000 
367.000000 648.000000 
398.000000 676.000000 
441.000000 693.000000 
483.000000 696.000000 
528.000000 690.000000 
568.000000 671.000000 
596.000000 640.000000 
617.000000 601.000000 
631.000000 557.000000 
640.000000 510.000000 
643.000000 462.000000 
643.000000 413.000000 
348.000000 386.000000 
369.000000 372.000000 
392.000000 364.000000 
417.000000 365.000000 
442.000000 373.000000 
505.000000 371.000000 
530.000000 362.000000 
555.000000 362.000000 
580.000000 370.000000 
602.000000 383.000000 
476.000000 411.000000 
475.000000 438.000000 
475.000000 464.000000 
475.000000 490.000000 
452.000000 517.000000 
464.000000 520.000000 
475.000000 521.000000 
488.000000 520.000000 
500.000000 516.000000 
362.000000 409.000000 
389.000000 397.000000 
417.000000 398.000000 
432.000000 415.000000 
415.000000 418.000000 
389.000000 419.000000 
524.000000 417.000000 
546.000000 399.000000 
575.000000 399.000000 
595.000000 411.000000 
576.000000 419.000000 
549.000000 420.000000 
437.000000 578.000000 
445.000000 566.000000 
458.000000 561.000000 
480.000000 558.000000 
500.000000 558.000000 
510.000000 563.000000 
521.000000 577.000000 
513.000000 590.000000 
501.000000 595.000000 
479.000000 600.000000 
457.000000 595.000000 
446.000000 586.000000 
461.000000 572.000000 
480.000000 571.000000 
501.000000 572.000000 
501.000000 579.000000 
479.000000 579.000000 
460.000000 578.000000 
