313.000000 419.000000 
315.000000 468.000000 
320.000000 516.000000 
327.000000 563.000000 
341.000000 608.000000 
365.000000 644.000000 
396.000000 673.000000 
436.000000 693.000000 
478.000000 695.000000 
519.000000 688.000000 
555.000000 667.000000 
583.000000 640.000000 
608.000000 606.000000 
624.000000 564.000000 
636.000000 519.000000 
643.000000 472.000000 
647.000000 423.000000 
338.000000 396.000000 
363.000000 379.000000 
393.000000 372.000000 
424.000000 372.000000 
453.000000 383.000000 
505.000000 384.000000 
533.000000 373.000000 
563.000000 372.000000 
591.000000 379.000000 
614.000000 395.000000 
478.000000 415.000000 
478.000000 444.000000 
479.000000 472.000000 
480.000000 499.000000 
448.000000 518.000000 
462.000000 524.000000 
477.000000 527.000000 
492.000000 524.000000 
506.000000 520.000000 
362.000000 409.000000 
389.000000 397.000000 
417.000000 398.000000 
432.000000 415.000000 
415.000000 418.000000 
389.000000 419.000000 
524.000000 417.000000 
546.000000 399.000000 
575.000000 399.000000 
595.000000 411.000000 
576.000000 419.000000 
549.000000 420.000000 
438.000000 584.000000 
441.000000 568.000000 
459.000000 555.000000 
479.000000 552.000000 
497.000000 551.000000 
511.000000 567.000000 
520.000000 585.000000 
515.000000 602.000000 
501.000000 615.000000 
479.000000 619.000000 
458.000000 613.000000 
445.000000 599.000000 
462.000000 577.000000 
480.000000 569.000000 
495.000000 574.000000 
494.000000 591.000000 
480.000000 601.000000 
462.000000 592.000000 
