314.000000 419.000000 
316.000000 467.000000 
321.000000 514.000000 
329.000000 559.000000 
342.000000 600.000000 
369.000000 637.000000 
402.000000 665.000000 
447.000000 686.000000 
491.000000 687.000000 
532.000000 678.000000 
570.000000 653.000000 
596.000000 621.000000 
617.000000 581.000000 
628.000000 541.000000 
631.000000 498.000000 
633.000000 454.000000 
633.000000 407.000000 
343.000000 390.000000 
365.000000 375.000000 
394.000000 369.000000 
425.000000 369.000000 
454.000000 377.000000 
511.000000 378.000000 
538.000000 368.000000 
566.000000 367.000000 
593.000000 374.000000 
616.000000 388.000000 
480.000000 412.000000 
482.000000 438.000000 
484.000000 463.000000 
487.000000 489.000000 
458.000000 515.000000 
471.000000 519.000000 
486.000000 522.000000 
501.000000 518.000000 
514.000000 512.000000 
362.000000 409.000000 
389.000000 397.000000 
417.000000 398.000000 
432.000000 415.000000 
415.000000 418.000000 
389.000000 419.000000 
524.000000 417.000000 
546.000000 399.000000 
575.000000 399.000000 
595.000000 411.000000 
576.000000 419.000000 
549.000000 420.000000 
427.000000 578.000000 
447.000000 569.000000 
470.000000 564.000000 
500.000000 563.000000 
527.000000 560.000000 
546.000000 559.000000 
570.000000 549.000000 
555.000000 574.000000 
535.000000 591.000000 
504.000000 602.000000 
472.000000 601.000000 
448.000000 593.000000 
474.000000 578.000000 
495.000000 576.000000 
531.000000 571.000000 
531.000000 575.000000 
496.000000 580.000000 
474.000000 582.000000 
