322.000000 411.000000 
321.000000 457.000000 
322.000000 501.000000 
323.000000 546.000000 
331.000000 589.000000 
351.000000 630.000000 
379.000000 662.000000 
419.000000 687.000000 
463.000000 692.000000 
509.000000 688.000000 
553.000000 668.000000 
586.000000 641.000000 
613.000000 605.000000 
628.000000 564.000000 
637.000000 518.000000 
644.000000 470.000000 
648.000000 421.000000 
343.000000 383.000000 
365.000000 369.000000 
393.000000 363.000000 
423.000000 365.000000 
451.000000 375.000000 
507.000000 375.000000 
537.000000 367.000000 
567.000000 368.000000 
596.000000 375.000000 
619.000000 389.000000 
479.000000 410.000000 
477.000000 436.000000 
475.000000 462.000000 
474.000000 488.000000 
441.000000 512.000000 
455.000000 519.000000 
470.000000 524.000000 
486.000000 523.000000 
500.000000 520.000000 
362.000000 409.000000 
389.000000 397.000000 
417.000000 398.000000 
432.000000 415.000000 
415.000000 418.000000 
389.000000 419.000000 
524.000000 417.000000 
546.000000 399.000000 
575.000000 399.000000 
595.000000 411.000000 
576.000000 419.000000 
549.000000 420.000000 
397.000000 556.000000 
418.000000 558.000000 
435.000000 565.000000 
464.000000 568.000000 
487.000000 565.000000 
509.000000 569.000000 
532.000000 579.000000 
505.000000 594.000000 
481.000000 601.000000 
453.000000 601.000000 
424.000000 592.000000 
406.000000 580.000000 
429.000000 569.000000 
467.000000 575.000000 
503.000000 575.000000 
503.000000 579.000000 
468.000000 581.000000 
427.000000 577.000000 
