321.000000 417.000000 
321.000000 464.000000 
324.000000 510.000000 
327.000000 558.000000 
338.000000 601.000000 
362.000000 639.000000 
394.000000 667.000000 
435.000000 686.000000 
476.000000 691.000000 
521.000000 685.000000 
562.000000 667.000000 
593.000000 639.000000 
617.000000 600.000000 
630.000000 557.000000 
636.000000 509.000000 
641.000000 462.000000 
643.000000 414.000000 
351.000000 379.000000 
371.000000 370.000000 
394.000000 366.000000 
418.000000 369.000000 
442.000000 378.000000 
515.000000 377.000000 
541.000000 370.000000 
566.000000 370.000000 
589.000000 376.000000 
609.000000 388.000000 
479.000000 413.000000 
478.000000 439.000000 
478.000000 465.000000 
477.000000 491.000000 
451.000000 518.000000 
464.000000 521.000000 
477.000000 524.000000 
491.000000 522.000000 
505.000000 518.000000 
362.000000 409.000000 
389.000000 397.000000 
417.000000 398.000000 
432.000000 415.000000 
415.000000 418.000000 
389.000000 419.000000 
524.000000 417.000000 
546.000000 399.000000 
575.000000 399.000000 
595.000000 411.000000 
576.000000 419.000000 
549.000000 420.000000 
413.000000 575.000000 
434.000000 571.000000 
454.000000 564.000000 
479.000000 563.000000 
499.000000 563.000000 
518.000000 570.000000 
541.000000 575.000000 
520.000000 582.000000 
503.000000 583.000000 
484.000000 588.000000 
456.000000 585.000000 
434.000000 583.000000 
456.000000 570.000000 
480.000000 569.000000 
505.000000 569.000000 
504.000000 574.000000 
481.000000 571.000000 
456.000000 573.000000 
