323.000000 415.000000 
322.000000 460.000000 
325.000000 505.000000 
329.000000 550.000000 
341.000000 593.000000 
364.000000 630.000000 
394.000000 658.000000 
434.000000 674.000000 
476.000000 679.000000 
520.000000 672.000000 
559.000000 656.000000 
589.000000 629.000000 
612.000000 593.000000 
627.000000 551.000000 
635.000000 505.000000 
639.000000 459.000000 
641.000000 413.000000 
351.000000 375.000000 
373.000000 364.000000 
397.000000 359.000000 
421.000000 360.000000 
446.000000 370.000000 
510.000000 369.000000 
536.000000 360.000000 
562.000000 361.000000 
586.000000 367.000000 
607.000000 380.000000 
476.000000 409.000000 
475.000000 434.000000 
475.000000 460.000000 
475.000000 485.000000 
449.000000 510.000000 
462.000000 514.000000 
474.000000 516.000000 
488.000000 515.000000 
502.000000 511.000000 
362.000000 409.000000 
389.000000 397.000000 
417.000000 398.000000 
432.000000 415.000000 
415.000000 418.000000 
389.000000 419.000000 
524.000000 417.000000 
546.000000 399.000000 
575.000000 399.000000 
595.000000 411.000000 
576.000000 419.000000 
549.000000 420.000000 
418.000000 573.000000 
434.000000 554.000000 
453.000000 545.000000 
476.000000 550.000000 
499.000000 544.000000 
518.000000 553.000000 
539.000000 574.000000 
523.000000 591.000000 
508.000000 600.000000 
481.000000 601.000000 
452.000000 599.000000 
433.000000 591.000000 
458.000000 558.000000 
480.000000 559.000000 
501.000000 560.000000 
500.000000 578.000000 
479.000000 580.000000 
459.000000 579.000000 
