321.000000 422.000000 
321.000000 467.000000 
325.000000 512.000000 
329.000000 557.000000 
340.000000 599.000000 
363.000000 637.000000 
394.000000 663.000000 
435.000000 681.000000 
477.000000 683.000000 
521.000000 680.000000 
561.000000 663.000000 
591.000000 637.000000 
613.000000 599.000000 
626.000000 558.000000 
632.000000 512.000000 
637.000000 466.000000 
639.000000 419.000000 
348.000000 382.000000 
371.000000 372.000000 
396.000000 367.000000 
423.000000 369.000000 
448.000000 379.000000 
505.000000 380.000000 
531.000000 370.000000 
557.000000 368.000000 
582.000000 373.000000 
603.000000 383.000000 
475.000000 412.000000 
475.000000 437.000000 
476.000000 462.000000 
478.000000 487.000000 
449.000000 514.000000 
461.000000 518.000000 
474.000000 520.000000 
489.000000 518.000000 
504.000000 512.000000 
362.000000 409.000000 
389.000000 397.000000 
417.000000 398.000000 
432.000000 415.000000 
415.000000 418.000000 
389.000000 419.000000 
524.000000 417.000000 
546.000000 399.000000 
575.000000 399.000000 
595.000000 411.000000 
576.000000 419.000000 
549.000000 420.000000 
420.000000 579.000000 
438.000000 571.000000 
457.000000 565.000000 
478.000000 566.000000 
498.000000 562.000000 
517.000000 567.000000 
537.000000 581.000000 
518.000000 585.000000 
500.000000 591.000000 
480.000000 596.000000 
458.000000 594.000000 
438.000000 589.000000 
453.000000 575.000000 
479.000000 576.000000 
503.000000 575.000000 
503.000000 579.000000 
478.000000 580.000000 
453.000000 578.000000 
