324.000000 423.000000 
324.000000 469.000000 
328.000000 515.000000 
332.000000 562.000000 
343.000000 604.000000 
365.000000 642.000000 
395.000000 668.000000 
435.000000 687.000000 
476.000000 690.000000 
521.000000 685.000000 
562.000000 667.000000 
592.000000 640.000000 
614.000000 601.000000 
628.000000 559.000000 
635.000000 512.000000 
640.000000 466.000000 
643.000000 418.000000 
358.000000 381.000000 
380.000000 372.000000 
405.000000 370.000000 
430.000000 373.000000 
454.000000 383.000000 
510.000000 379.000000 
537.000000 371.000000 
564.000000 372.000000 
590.000000 379.000000 
612.000000 391.000000 
480.000000 412.000000 
479.000000 436.000000 
479.000000 461.000000 
478.000000 485.000000 
450.000000 512.000000 
463.000000 517.000000 
478.000000 520.000000 
493.000000 518.000000 
506.000000 514.000000 
362.000000 409.000000 
389.000000 397.000000 
417.000000 398.000000 
432.000000 415.000000 
415.000000 418.000000 
389.000000 419.000000 
524.000000 417.000000 
546.000000 399.000000 
575.000000 399.000000 
595.000000 411.000000 
576.000000 419.000000 
549.000000 420.000000 
417.000000 579.000000 
438.000000 569.000000 
458.000000 562.000000 
479.000000 566.000000 
500.000000 562.000000 
519.000000 568.000000 
540.000000 579.000000 
519.000000 588.000000 
500.000000 593.000000 
478.000000 599.000000 
456.000000 595.000000 
436.000000 590.000000 
453.000000 575.000000 
479.000000 576.000000 
503.000000 575.000000 
503.000000 579.000000 
478.000000 580.000000 
453.000000 578.000000 
