313.000000 419.000000 
315.000000 465.000000 
321.000000 511.000000 
326.000000 556.000000 
338.000000 597.000000 
363.000000 635.000000 
394.000000 663.000000 
435.000000 682.000000 
479.000000 684.000000 
522.000000 679.000000 
560.000000 659.000000 
587.000000 631.000000 
609.000000 593.000000 
623.000000 555.000000 
632.000000 511.000000 
638.000000 467.000000 
642.000000 420.000000 
340.000000 387.000000 
366.000000 373.000000 
397.000000 368.000000 
428.000000 369.000000 
457.000000 379.000000 
507.000000 378.000000 
536.000000 370.000000 
566.000000 370.000000 
595.000000 375.000000 
621.000000 388.000000 
480.000000 413.000000 
480.000000 440.000000 
481.000000 467.000000 
482.000000 494.000000 
450.000000 516.000000 
464.000000 521.000000 
480.000000 525.000000 
496.000000 521.000000 
511.000000 516.000000 
362.000000 409.000000 
389.000000 397.000000 
417.000000 398.000000 
432.000000 415.000000 
415.000000 418.000000 
389.000000 419.000000 
524.000000 417.000000 
546.000000 399.000000 
575.000000 399.000000 
595.000000 411.000000 
576.000000 419.000000 
549.000000 420.000000 
423.000000 577.000000 
434.000000 571.000000 
454.000000 564.000000 
477.000000 569.000000 
499.000000 563.000000 
518.000000 570.000000 
535.000000 578.000000 
519.000000 593.000000 
498.000000 608.000000 
477.000000 613.000000 
449.000000 608.000000 
432.000000 589.000000 
456.000000 578.000000 
480.000000 580.000000 
503.000000 578.000000 
503.000000 584.000000 
478.000000 584.000000 
457.000000 581.000000 
