317.000000 422.000000 
318.000000 469.000000 
323.000000 514.000000 
328.000000 560.000000 
340.000000 603.000000 
362.000000 640.000000 
392.000000 668.000000 
431.000000 687.000000 
474.000000 691.000000 
520.000000 688.000000 
561.000000 671.000000 
591.000000 642.000000 
614.000000 604.000000 
629.000000 563.000000 
636.000000 516.000000 
641.000000 468.000000 
642.000000 419.000000 
346.000000 378.000000 
370.000000 369.000000 
397.000000 366.000000 
424.000000 368.000000 
451.000000 378.000000 
509.000000 379.000000 
537.000000 371.000000 
564.000000 371.000000 
591.000000 376.000000 
614.000000 387.000000 
477.000000 409.000000 
477.000000 437.000000 
476.000000 463.000000 
477.000000 490.000000 
448.000000 518.000000 
462.000000 522.000000 
476.000000 525.000000 
491.000000 523.000000 
507.000000 519.000000 
362.000000 409.000000 
389.000000 397.000000 
417.000000 398.000000 
432.000000 415.000000 
415.000000 418.000000 
389.000000 419.000000 
525.000000 422.000000 
550.000000 407.000000 
578.000000 409.000000 
596.000000 413.000000 
577.000000 426.000000 
551.000000 426.000000 
417.000000 579.000000 
434.000000 571.000000 
454.000000 564.000000 
477.000000 569.000000 
499.000000 563.000000 
518.000000 570.000000 
540.000000 579.000000 
518.000000 587.000000 
499.000000 592.000000 
476.000000 598.000000 
452.000000 594.000000 
432.000000 589.000000 
453.000000 575.000000 
479.000000 576.000000 
503.000000 575.000000 
503.000000 579.000000 
478.000000 580.000000 
453.000000 578.000000 
