322.000000 425.000000 
322.000000 470.000000 
325.000000 515.000000 
329.000000 560.000000 
339.000000 602.000000 
362.000000 639.000000 
392.000000 666.000000 
432.000000 683.000000 
475.000000 686.000000 
519.000000 681.000000 
559.000000 666.000000 
590.000000 640.000000 
612.000000 603.000000 
625.000000 561.000000 
630.000000 514.000000 
635.000000 468.000000 
639.000000 422.000000 
349.000000 384.000000 
371.000000 372.000000 
397.000000 367.000000 
424.000000 367.000000 
450.000000 377.000000 
505.000000 375.000000 
533.000000 366.000000 
561.000000 366.000000 
587.000000 374.000000 
608.000000 388.000000 
476.000000 412.000000 
476.000000 437.000000 
476.000000 463.000000 
476.000000 488.000000 
447.000000 514.000000 
461.000000 519.000000 
474.000000 522.000000 
490.000000 520.000000 
505.000000 515.000000 
362.000000 409.000000 
389.000000 397.000000 
417.000000 398.000000 
432.000000 415.000000 
415.000000 418.000000 
389.000000 419.000000 
524.000000 417.000000 
546.000000 399.000000 
575.000000 399.000000 
595.000000 411.000000 
576.000000 419.000000 
549.000000 420.000000 
417.000000 579.000000 
434.000000 571.000000 
454.000000 564.000000 
481.000000 565.000000 
499.000000 563.000000 
527.000000 566.000000 
540.000000 579.000000 
518.000000 587.000000 
499.000000 592.000000 
476.000000 598.000000 
452.000000 594.000000 
432.000000 589.000000 
453.000000 575.000000 
479.000000 576.000000 
503.000000 575.000000 
503.000000 579.000000 
478.000000 580.000000 
453.000000 578.000000 
