324.000000 424.000000 
324.000000 470.000000 
328.000000 516.000000 
331.000000 563.000000 
342.000000 607.000000 
365.000000 644.000000 
395.000000 671.000000 
435.000000 689.000000 
478.000000 691.000000 
522.000000 687.000000 
563.000000 669.000000 
593.000000 640.000000 
615.000000 602.000000 
628.000000 560.000000 
635.000000 514.000000 
640.000000 468.000000 
642.000000 421.000000 
350.000000 384.000000 
373.000000 373.000000 
400.000000 368.000000 
427.000000 369.000000 
454.000000 379.000000 
510.000000 377.000000 
538.000000 370.000000 
565.000000 371.000000 
590.000000 378.000000 
612.000000 390.000000 
479.000000 413.000000 
478.000000 439.000000 
478.000000 464.000000 
478.000000 490.000000 
449.000000 518.000000 
463.000000 522.000000 
476.000000 525.000000 
492.000000 523.000000 
507.000000 519.000000 
362.000000 409.000000 
389.000000 397.000000 
417.000000 398.000000 
432.000000 415.000000 
415.000000 418.000000 
389.000000 419.000000 
524.000000 417.000000 
546.000000 399.000000 
575.000000 399.000000 
595.000000 411.000000 
576.000000 419.000000 
549.000000 420.000000 
417.000000 579.000000 
434.000000 571.000000 
454.000000 564.000000 
477.000000 569.000000 
499.000000 563.000000 
532.000000 568.000000 
540.000000 579.000000 
518.000000 587.000000 
499.000000 592.000000 
476.000000 598.000000 
452.000000 594.000000 
432.000000 589.000000 
453.000000 575.000000 
479.000000 576.000000 
503.000000 575.000000 
503.000000 579.000000 
478.000000 580.000000 
453.000000 578.000000 
