320.000000 423.000000 
318.000000 470.000000 
320.000000 516.000000 
324.000000 563.000000 
335.000000 606.000000 
358.000000 644.000000 
388.000000 672.000000 
428.000000 691.000000 
471.000000 694.000000 
515.000000 689.000000 
556.000000 671.000000 
586.000000 644.000000 
610.000000 607.000000 
624.000000 565.000000 
632.000000 519.000000 
638.000000 472.000000 
642.000000 425.000000 
351.000000 383.000000 
374.000000 375.000000 
401.000000 364.000000 
426.000000 373.000000 
452.000000 381.000000 
515.000000 378.000000 
541.000000 372.000000 
567.000000 372.000000 
591.000000 378.000000 
612.000000 388.000000 
480.000000 415.000000 
479.000000 441.000000 
479.000000 466.000000 
478.000000 492.000000 
449.000000 520.000000 
462.000000 524.000000 
476.000000 526.000000 
491.000000 525.000000 
505.000000 521.000000 
362.000000 409.000000 
390.000000 403.000000 
415.000000 403.000000 
432.000000 415.000000 
414.000000 422.000000 
388.000000 424.000000 
528.000000 419.000000 
545.000000 399.000000 
577.000000 397.000000 
595.000000 411.000000 
574.000000 419.000000 
550.000000 418.000000 
417.000000 579.000000 
434.000000 571.000000 
454.000000 564.000000 
477.000000 569.000000 
499.000000 563.000000 
518.000000 570.000000 
540.000000 579.000000 
518.000000 587.000000 
499.000000 592.000000 
476.000000 598.000000 
452.000000 594.000000 
432.000000 589.000000 
453.000000 575.000000 
479.000000 576.000000 
503.000000 575.000000 
503.000000 579.000000 
478.000000 580.000000 
453.000000 578.000000 
