320.000000 420.000000 
320.000000 465.000000 
323.000000 510.000000 
327.000000 557.000000 
338.000000 601.000000 
360.000000 639.000000 
391.000000 667.000000 
430.000000 684.000000 
473.000000 688.000000 
517.000000 683.000000 
557.000000 666.000000 
588.000000 638.000000 
611.000000 601.000000 
624.000000 559.000000 
630.000000 512.000000 
635.000000 465.000000 
638.000000 419.000000 
352.000000 380.000000 
375.000000 371.000000 
404.000000 360.000000 
425.000000 367.000000 
450.000000 376.000000 
505.000000 382.000000 
531.000000 367.000000 
559.000000 366.000000 
588.000000 374.000000 
609.000000 386.000000 
477.000000 411.000000 
476.000000 437.000000 
476.000000 463.000000 
476.000000 489.000000 
448.000000 514.000000 
461.000000 519.000000 
474.000000 522.000000 
489.000000 521.000000 
503.000000 517.000000 
362.000000 409.000000 
389.000000 397.000000 
417.000000 398.000000 
437.000000 415.000000 
415.000000 418.000000 
389.000000 419.000000 
524.000000 417.000000 
546.000000 398.000000 
570.000000 399.000000 
589.000000 410.000000 
568.000000 421.000000 
546.000000 416.000000 
417.000000 579.000000 
434.000000 571.000000 
454.000000 564.000000 
477.000000 569.000000 
499.000000 563.000000 
518.000000 570.000000 
540.000000 579.000000 
518.000000 587.000000 
499.000000 592.000000 
476.000000 598.000000 
452.000000 594.000000 
432.000000 589.000000 
453.000000 575.000000 
479.000000 576.000000 
503.000000 575.000000 
503.000000 579.000000 
478.000000 580.000000 
453.000000 578.000000 
