320.000000 421.000000 
319.000000 466.000000 
323.000000 511.000000 
327.000000 557.000000 
338.000000 600.000000 
360.000000 638.000000 
391.000000 666.000000 
430.000000 685.000000 
472.000000 689.000000 
516.000000 685.000000 
557.000000 668.000000 
588.000000 641.000000 
611.000000 603.000000 
625.000000 561.000000 
631.000000 514.000000 
635.000000 468.000000 
638.000000 421.000000 
349.000000 383.000000 
373.000000 374.000000 
397.000000 370.000000 
424.000000 371.000000 
449.000000 379.000000 
513.000000 377.000000 
540.000000 371.000000 
565.000000 371.000000 
588.000000 377.000000 
609.000000 387.000000 
478.000000 415.000000 
478.000000 441.000000 
477.000000 466.000000 
477.000000 492.000000 
449.000000 518.000000 
462.000000 522.000000 
475.000000 525.000000 
490.000000 523.000000 
505.000000 520.000000 
362.000000 409.000000 
389.000000 397.000000 
417.000000 398.000000 
432.000000 415.000000 
415.000000 418.000000 
389.000000 419.000000 
525.000000 418.000000 
548.000000 399.000000 
579.000000 398.000000 
597.000000 411.000000 
576.000000 420.000000 
548.000000 420.000000 
417.000000 579.000000 
434.000000 571.000000 
454.000000 564.000000 
477.000000 569.000000 
499.000000 563.000000 
518.000000 570.000000 
540.000000 579.000000 
518.000000 587.000000 
499.000000 592.000000 
476.000000 598.000000 
452.000000 594.000000 
432.000000 589.000000 
453.000000 575.000000 
479.000000 576.000000 
503.000000 575.000000 
503.000000 579.000000 
478.000000 580.000000 
453.000000 578.000000 
