325.000000 427.000000 
323.000000 471.000000 
326.000000 516.000000 
331.000000 562.000000 
343.000000 604.000000 
365.000000 640.000000 
395.000000 667.000000 
434.000000 683.000000 
475.000000 687.000000 
519.000000 682.000000 
560.000000 667.000000 
592.000000 640.000000 
616.000000 603.000000 
629.000000 562.000000 
636.000000 515.000000 
640.000000 469.000000 
643.000000 423.000000 
352.000000 380.000000 
374.000000 372.000000 
396.000000 368.000000 
420.000000 369.000000 
444.000000 376.000000 
509.000000 374.000000 
536.000000 367.000000 
563.000000 367.000000 
586.000000 375.000000 
607.000000 386.000000 
476.000000 412.000000 
475.000000 438.000000 
474.000000 462.000000 
474.000000 487.000000 
448.000000 516.000000 
460.000000 520.000000 
473.000000 522.000000 
488.000000 520.000000 
502.000000 517.000000 
362.000000 409.000000 
389.000000 397.000000 
417.000000 398.000000 
432.000000 415.000000 
415.000000 418.000000 
389.000000 419.000000 
524.000000 417.000000 
547.000000 389.000000 
577.000000 392.000000 
595.000000 411.000000 
576.000000 419.000000 
549.000000 420.000000 
417.000000 579.000000 
434.000000 571.000000 
454.000000 564.000000 
477.000000 569.000000 
499.000000 563.000000 
518.000000 570.000000 
540.000000 579.000000 
518.000000 587.000000 
499.000000 592.000000 
476.000000 598.000000 
452.000000 594.000000 
432.000000 589.000000 
453.000000 575.000000 
479.000000 576.000000 
503.000000 575.000000 
503.000000 579.000000 
478.000000 580.000000 
453.000000 578.000000 
